1 0
2 0
3 2
4 3
5 12
6 13
7 33
8 40
9 66
10 81
11 135
12 135
13 212
14 249
15 319
16 354
17 489
18 511
19 681
20 725
21 876
22 981
23 1233
24 1235
25 1509
26 1660
27 1920
28 2032
29 2437
30 2472
31 2936
32 3091
33 3488
34 3755
35 4275
36 4290
37 4955
38 5292
39 5854
40 6024
41 6843
42 6968
43 7870
44 8190
45 8839
46 9340
47 10420
48 10442
49 11568
50 12038
51 13014
52 13474
53 14851
54 15098
55 16436
56 16862
57 18087
58 18894
59 20604
60 20514
61 22343
62 23268
63 24640
64 25291
65 27176
66 27577
67 29787
68 30599
69 32406
70 33221
71 35705
72 35710
73 38337
74 39664
75 41554
76 42578
77 45333
78 45920
79 49000
80 49694
81 52114
82 53749
83 57151
84 57193
85 60448
86 62249
87 65139
88 66341
89 70256
90 70531
91 74407
92 75927
93 79234
94 81391
95 85469
96 85595
97 90250
98 92352
99 95902
5 2 2 1
20
5 3 2 1
30
5 4 2 1
40
5 5 2 3
150
5 6 2 1
60
5 7 2 6
420
5 8 2 5
400
5 9 2 4
360
5 10 2 3
300
5 11 2 2
220
5 12 2 1
120
7 2 5 1
70
7 3 5 1
105
7 4 5 1
140
7 5 5 3
525
7 6 5 1
210
7 7 5 6
1470
7 8 5 5
1400
7 9 5 4
1260
7 10 5 3
1050
7 11 5 2
770
7 12 5 1
420
8 2 4 1
64
8 3 4 1
96
8 4 4 1
128
8 5 4 3
480
8 6 4 1
192
8 7 4 6
1344
8 8 4 5
1280
8 9 4 4
1152
8 10 4 3
960
8 11 4 2
704
8 12 4 1
384
9 2 3 1
54
9 3 3 1
81
9 4 3 1
108
9 5 3 3
405
9 6 3 1
162
9 7 3 6
1134
9 8 3 5
1080
9 9 3 4
972
9 10 3 3
810
9 11 3 2
594
9 12 3 1
324
10 2 2 1
40
10 3 2 1
60
10 4 2 1
80
10 5 2 3
300
10 6 2 1
120
10 7 2 6
840
10 8 2 5
800
10 9 2 4
720
10 10 2 3
600
10 11 2 2
440
10 12 2 1
240
11 2 1 1
22
11 3 1 1
33
11 4 1 1
44
11 5 1 3
165
11 6 1 1
66
11 7 1 6
462
11 8 1 5
440
11 9 1 4
396
11 10 1 3
330
11 11 1 2
242
11 12 1 1
132
28620
66

20
22
30
33
40
40
44
54
60
60
64
66
70
80
81
96
105
108
120
120
128
132
140
150
162
165
192
210
220
240
242
300
300
324
330
360
384
396
400
405
420
420
440
440
462
480
525
594
600
704
720
770
800
810
840
960
972
1050
1080
1134
1152
1260
1280
1344
1400
1470
